33,5
33,8
0,551
34,19
34,9
35,15
33,76
0,548
0,544
33,75
33,74
33,73
33,72
33,71
33,70
33,69
33,68
33,67
33,66
33,65
33,64
33,319
33,318
33,317
33,316
33,315
33,314
33,313
33,312
33,311
33,310
33,309
33,308
33,307
0,543
0,542
0,541
34,18
33,253
33,383
33,382
33,381
33,380
33,379
33,378
33,377
33,376
33,375
33,374
33,373
33,372
33,371
33,370
33,369
33,368
33,9
0,517
92,36
33,367
33,366
33,365
33,364
92,35
33,305
33,1
20,3
20,2
20,1
12,3
12,2
12,1
11,28
11,27
19,2
11,26
11,25
19,1
19,3
11,24
11,23
11,22
11,21
11,20
11,19
11,18
11,7
11,6
11,5
11,3
11,2
11,1
10,303
10,302
10,301
10,300
10,299
10,298
10,297
10,296
10,295
10,294
10,293
10,292
10,291
10,290
10,289
10,288
10,287
10,286
10,285
10,284
10,283
10,282
10,281
10,280
10,279
10,278
10,277
10,276
10,275
10,274
10,273
10,272
10,271
10,270
10,269
10,268
10,267
10,266
10,265
10,264
10,263
10,262
10,261
10,260
10,259
10,258
10,257
10,256
10,255
10,254
10,253
10,252
10,251
10,250
10,249
10,248
10,247
10,246
10,245
10,244
10,243
10,242
10,241
10,240
10,239
10,238
10,237
10,236
10,235
10,234
10,233
10,232
10,231
10,230
10,229
10,228
10,227
10,226
10,225
10,224
10,223
10,222
10,221
10,220
10,219
10,218
10,217
10,216
10,215
10,214
10,213
10,212
10,211
10,210
10,209
10,208
10,207
10,206
10,205
10,204
10,203
10,202
10,201
18,1
18,3
14,1
14,7
10,200
10,199
10,198
10,197
14,3
10,196
13,1
13,3
10,195
10,1
9,7
9,5
9,3
9,2
9,1
8,17
8,16
8,15
8,14
8,13
8,12
8,10
8,8
8,7
8,5
8,3
8,2
